6.808078363402073618e-01
6.792517021961311796e-01
7.331879263157621285e-01
4.127361114342286141e-01
3.231351631934731294e-02
7.329684008155451513e-01
1.453110101007865085e-01
7.427551878032301325e-02
9.089428735880631383e-01
5.353438934238416991e-01
5.598213443495743125e-01
5.463144952280583055e-01
3.816528491903655729e-01
2.423845029338200785e-02
9.935126887157301745e-01
2.192775571466677453e-01
5.861502154257678399e-01
6.193835981245183753e-01
3.383798684508060317e-01
5.770986645038833629e-01
8.212934762983736814e-02
8.233624914920714133e-01
8.900315080099918674e-02
4.560601783408531062e-01
4.800606372321272186e-01
1.327501013322244239e-01
8.820542898834478063e-01
4.273602810872689783e-02
9.006511869268596371e-02
8.813007710411435713e-01
3.698760236111677813e-01
8.136182462594175879e-01
7.721224239129430567e-01
6.467977825955254501e-01
4.103345265586354484e-01
5.448737768989564412e-01
4.856402681876863525e-01
4.619625322664988598e-01
4.209606189020735911e-01
5.958068165038934438e-01
1.338198734866719031e-01
7.444649554787587942e-01
5.651890728376749440e-01
-4.138713165357136958e+00
-1.158428264826378218e+01
-5.600585518056548473e+00
4.551318934416432871e-01
2.550942925565962138e-01
4.063379805667951539e-01
5.965888475132231639e-01
2.563334534401111586e-01
1.390235370515815472e-01
9.177985317132765219e-01
6.166133592804620145e-01
8.610642992410357799e-01
3.629328803101239398e-02
8.134060060195696940e-01
9.986874357778663391e-01
2.052544853352620269e-01
8.793714109978060245e-01
4.223806642029770408e-02
1.464949533369783730e-01
7.492794434437124451e-01
5.959866297973660521e-01
9.345590762799738105e-01
1.761017083106556358e-01
1.306253150655263262e-01
7.791851894771091303e-01
8.439790955528284622e-01
3.999451060360890153e-01
9.966035649819893205e-02
8.608171107056128424e-01
-1.906593359729206405e+00
6.687839629709462219e-01
1.555381908720099293e-01
5.806123056373212465e-01
4.028826234899203218e-01
2.955241275211030194e-01
9.053669797594963153e-01
7.342370115071447101e-01
6.802183605622603713e-01
4.766982122237966024e-01
6.281506787593151842e-01
9.393832331467409924e-01
6.566249174437724934e-01
6.181564580836882428e-01
2.914168696637149392e-01
6.694180258972134423e-01
8.128539911072368840e-01
5.984840442922169101e-01
3.550027921142472342e-01
9.920500508089964420e-01
4.534435157207024059e-01
2.317375965165083818e-01
9.031230396230103263e-01
7.101798636407546939e-01
2.220869845783393637e-01
6.204980099125345205e+00
2.605367330867701270e+01
1.330941834317107997e+01
3.159585220026717600e+00
1.323671111877942685e+01
1.334086880516421836e+01
7.058087143462729030e-01
9.006330265890462039e-01
7.238259016664980727e-01
5.345158979610796779e-01
4.503306000280621335e-01
7.820245055526154898e-01
1.806889369410770163e-01
2.088923252268526376e-02
5.934517240124254078e-01
8.946039038802289234e-02
3.376298516639893998e-01
4.044097789156526623e-01
3.535442648973907698e-02
3.038434306419266484e-01
5.362243066081961995e-02
4.928939853011411465e-01
4.435989890110526579e-01
6.238916807461636349e-02
3.757316830191655965e-01
1.679475785552095868e-01
1.069250015682698951e-02
-1.543082652015428380e+00
-4.373347819510548184e+00
-3.041087460187946334e+01
-3.472956597958631875e+01
-6.784750729337115871e+00
2.377441768278639511e+00
-1.901858568233848246e+00
-1.033453934633192972e+01
1.143556397414284476e+01
2.887530859983961662e+01
2.232427415645337732e+01
2.496643229302496714e+00
5.714524419100779351e-01
5.847259303146623566e-02
8.772215186043841317e-01
8.255873153431160238e-01
8.960355684347742766e-02
6.302086374113885503e-01
7.739922389625901733e-01
5.649084325645766791e-01
5.211550602899176488e-01
9.801930105451315267e-01
7.466813094621613800e-01
1.547363442042315462e+00
2.356613997160588614e+00
7.480064398915310164e+00
-7.824997767492203327e-01
-1.055703328537381225e+01
-2.083157844211586252e+01
-7.249999934890181130e+00
-1.527751647325665196e+01
-1.420955163597084514e+01
-2.660225615336067762e+01
-6.802200754952462347e+00
9.423198379234435151e+00
2.608599863420433351e+01
3.354769590367441623e+01
4.440669600422728536e+01
4.296172254382481981e+01
1.547516964747391199e+01
4.469954289562327876e-01
8.581673427997775772e-01
6.078691417029687960e-01
2.760862395703141958e-01
5.066831025370837072e-01
7.373161864169381907e-01
1.654874672415290737e-01
7.244450646638673774e-01
4.959643481773166052e-01
8.925980928735708364e-01
5.100686219339360505e+00
9.869624845556080217e+00
1.323288389608616100e+01
2.396092912348493975e+00
-1.414675287498398859e+01
-2.676312824859087769e+01
-2.089863361045804879e+01
1.435524137522295973e+01
1.018094715861884580e+01
-5.268536908148590214e+00
-1.924840782189054522e+01
-1.650447562630728271e+01
2.738559648175846561e+01
3.268747387378264335e+01
2.680766873949822227e+01
2.938893103298728704e+01
2.921333515569582318e+01
7.276842626984727502e+00
8.969329023889671682e-01
9.962654564955280012e-01
4.384786214590462583e-01
7.575168477735756412e-01
7.197396400942298600e-01
6.933439039132663906e-01
5.120127288893396855e-01
4.931549475471561639e-01
1.385769177241307215e-01
1.813279402991910150e+00
1.308437249574503625e+01
2.706073497952851170e+01
2.458339178446072637e+00
-8.704571454938704989e+00
-1.386909202830137744e+01
-1.524292504193234521e+01
3.233153026354458781e+00
1.224876086830608735e+01
8.356344232608936551e-01
-1.938469175138007827e+01
-3.220867283011720872e+01
-1.800793197125682710e+01
3.737217180597843580e+00
2.039955068488385947e+01
2.339264229393901928e+01
2.671936530839981572e+01
1.092651967296694338e+01
2.233433001251066141e+00
7.282521195768769662e-01
2.493698701326517719e-01
8.700323253529406164e-01
9.523070965984014036e-01
5.525646196723303927e-01
2.176968951190492163e-01
1.511218591746500417e-01
1.030429128651078052e-01
4.878786556130354501e-01
1.122410507585401840e-01
1.784765161450096116e+01
2.528347977780032352e+01
1.905275458416175027e+01
2.003336313536603797e+00
-1.379145832010033601e-01
-3.413023517053348499e+00
5.437025795261537731e+00
3.230275120450789927e+01
1.108818322912935272e+01
-1.979540277492714395e+01
-9.204336851076515558e+00
-2.513814603336459186e+01
-1.230636863519242397e+00
5.209703408242950751e+00
-2.071041451006751188e+00
2.448183350851456552e+00
-1.255158974720321341e+00
9.589145943112501458e-01
4.226222103297608834e-01
7.204084426519520301e-01
8.880661365415347674e-01
3.388510500191720398e-01
8.329844191033705103e-01
1.069158713789265525e-01
7.009660723472954658e-02
2.492437248390804161e-01
5.714321134370079491e-01
7.452515984793617321e-01
1.984026372102303704e+00
2.580552472787587703e+01
2.680378919408705940e+01
1.440515892206059689e+01
2.502392872491684628e+00
-7.018370181159563792e+00
1.760368584390115387e+01
3.476971731704157520e+01
9.746743653616347203e+00
-3.356483985929008540e-01
-1.790160049564054390e+00
-2.727571650914497070e+01
-2.822934840465299189e+00
-1.135867939155625628e+01
-2.440343863977809491e+01
-3.951396883885335143e+01
-3.100257646622002738e+01
-5.913909641967756148e-01
7.654032098715635168e-02
5.431164953498668346e-02
7.824741638230611196e-01
2.076625517521010211e-01
6.199667033439928421e-01
7.574589589545777102e-02
7.292901032663893224e-01
5.212871709584498969e-01
8.190627035677759959e-01
-2.452478537608296705e+00
9.534419915253849354e+00
2.059455064634508048e+01
2.611456241735156070e+01
1.578676599741662478e+01
1.226892056509457163e+01
9.932044000858505584e+00
1.432600027443986690e+01
5.770813695083299777e+00
1.496090694804428800e+01
1.089506131824464141e+01
-6.507072016214356935e+00
-2.097383166272590671e+01
-1.137943644542171739e+01
-2.607341736811606125e+01
-4.433944472228859013e+01
-4.608963384776278360e+01
-4.525240342622345224e+01
-1.548315671604966681e+01
9.491355251834594497e-01
9.453059618271808517e-01
2.402211661752414740e-01
6.424630118161679393e-01
5.127803502256356172e-01
5.247747797701335370e-01
5.638070871830473951e-01
9.179808601059824547e-01
8.851874942030931726e-01
-1.036535317475662943e+01
1.050036695490249983e+01
1.531643028027000142e+01
5.855938935340261331e+00
9.278396149920951075e-01
1.314384287627477832e+00
-8.842951258372242052e+00
-1.678959395143430910e+01
-4.482040760942366475e+00
2.172902105959914820e+01
8.562657415104046876e+00
2.083607153193652550e+01
-8.630373348173282722e+00
-2.790209790873839069e+01
-3.488360026630037680e+01
-3.867804886650403517e+01
-3.734896583788548696e+01
-4.630396975452822517e+01
-3.437275127673481023e+01
-2.565384980492874334e+00
6.178290793858470797e-01
1.231799936126440898e-01
8.650733704848454497e-01
1.223968917062934203e-02
3.364536495896864876e-01
1.831267983049927883e-01
4.872448282338196490e-01
4.226112470310857683e-01
-1.393038204174178141e+01
-7.912629841204459780e+00
1.024785944264129256e+01
1.910796411874088108e+00
-6.804034950202356491e+00
-1.799782606276918528e+01
-3.601511646303326586e+01
-4.079338471019053713e+01
1.101236463583233771e+01
3.163967432694057536e+01
3.812348483803973664e+01
5.200510839156407172e+01
5.340725445297008989e+00
-1.634581169173377901e+01
-3.754845785757594001e+01
-3.017237360974683114e+01
-3.393162027362352262e+01
-3.718031729281506159e+01
-3.821615665686594809e+01
-1.102188573789189796e+01
1.321974821429560132e-01
7.791017514507042607e-01
2.958856099114901550e-01
9.168066696550152272e-01
7.111751904039700367e-01
6.225290630115246637e-01
6.957842716649995651e-01
7.264307963678472424e-01
-2.352000224474286227e+01
-1.809831818917998447e+01
-8.037953862676241457e+00
-2.556368231629220666e+00
-2.789779423832624872e+01
-4.945338017972842692e+01
-6.704902950704563125e+01
-3.796381188733755607e+01
3.135883761030288852e+01
9.975351536140699693e+01
7.349537428942791450e+01
4.071836350744786870e+01
5.382741054916428070e+00
-8.920579460737366517e+00
-3.882640981987643869e+01
-2.125159970652521579e+01
-1.761609004176061077e+01
-3.486641967022664090e+01
-2.972019259481750453e+01
-1.942548987779127145e+01
3.595586297555870559e-01
9.663630544645319675e-01
7.959015498582885373e-01
2.838172139394412596e-01
8.696974738991796183e-01
4.412887470050208538e-01
9.807048131267870339e-01
-9.175312530137529343e-01
-2.500620142878355523e+01
-3.050887675292326406e+01
-2.949590046472581406e+01
-7.584421009681045156e+00
-1.569657943022541957e+01
-7.230876350077141979e+01
-6.884613442314153531e+01
-2.338129140783122750e+01
2.716727774246238880e+01
1.064027663201065366e+02
7.281364539802153502e+01
3.144848171550642491e+01
-4.283128972379339316e+00
-1.366717080548853502e+01
-4.050774695529261038e+01
-1.682204542525284907e+01
-1.628166790740419145e+01
-3.720476361872938043e+01
-2.490094418126428977e+01
-1.838554258887216974e+01
4.987779652498464111e-01
1.432365077260565611e-01
6.568014286274016511e-01
7.940218752248340284e-02
2.823570017025934797e-01
9.490771688484289648e-01
4.297404108339535345e-01
-6.141443067069198847e+00
-2.271200785485971352e+01
-4.053014932299134898e+01
-2.472786140587962578e+01
-1.687418319347771956e+01
-4.698490755490016824e+01
-8.237108588791743102e+01
-4.057296474894334892e+01
-9.027584583474549618e+00
4.596192393357542727e+01
1.064081951661258643e+02
5.736036760989526329e+01
2.439144514277158748e+01
-1.157390505531789771e+01
-1.649875534630627882e+01
-4.497567909304397205e+01
-2.005171768349810790e+01
-2.362317581575520009e+01
-3.430923931181543907e+01
-2.729382726044892493e+01
-1.336751336128466683e+01
4.669517384965016227e-03
2.888613681978412506e-01
8.912344235929527958e-01
8.867936697833422866e-01
6.940815978154207810e-01
7.566986225119766152e-01
7.533597709170972712e-01
-5.436800860788975953e+00
-1.948803878982753801e+01
-4.267572547252456161e+01
-2.740478129670491114e+01
-3.297649308550381164e+01
-6.902650259914163655e+01
-5.761312725320377837e+01
-1.001465542517192020e+01
1.961882365000781192e+01
8.869320719510047013e+01
7.181301594888958562e+01
2.892286246561479501e+01
1.569793441197297845e+01
-2.960890937643043941e+01
-3.127404799222876264e+01
-4.262466010326487975e+01
-2.728096834760517098e+01
-2.510978542445719697e+01
-2.842277741934954349e+01
-1.756357347507113076e+01
-1.226143955087564130e+01
4.006590874589202045e-01
8.100905367788779898e-01
8.872499842340084708e-01
2.285401934799083934e-01
3.712317898082158063e-01
7.502873172810321512e-01
1.676547266916258438e-01
-6.249717793503247520e+00
-2.283001259176812425e+01
-4.437496091660318598e+01
-3.210115383643055509e+01
-3.526475115574443464e+01
-2.219043019952015072e+01
-2.834511194161444791e+01
-8.203660989688250638e+00
9.860032850537898241e+00
5.675108618064194133e+01
3.848806767240477456e+01
1.201696480956054813e+01
-8.227933958842024609e+00
-6.469936489713124672e+01
-5.018161826382316093e+01
-2.632209219450976079e+01
-2.779523113478527208e+01
-2.621058328888098998e+01
-1.807338590513712973e+01
-1.923276518380156119e+01
-1.248280963940281474e+01
6.057113900027820685e-01
5.416186582561951512e-01
1.171045575516570514e-01
8.206532490306696070e-01
7.343314811562379196e-01
6.302735576932275707e-01
6.747962872892067088e-01
-5.462021188036513486e+00
-2.944097888439954147e+01
-4.055722826238544343e+01
-3.753092726852167260e+01
-4.121417328001961522e+01
-1.461395267285393018e+01
-2.509059785211837479e+01
-1.150462878928975030e+01
-5.724830484970558686e+00
4.866430347353106356e+01
2.676802165142777312e+01
-1.566007098807405207e+01
-4.182819907924247360e+01
-5.943259265059236185e+01
-2.865960124005637866e+01
-1.998971989270149052e+01
-1.226482823127106059e+01
-2.065276050830433263e+01
-1.322860334340934685e+01
-2.402164547336378675e+01
-9.263129816398793182e+00
2.080722741737874859e-01
1.189597758274905104e-01
3.304200851781633475e-01
9.033528088264086708e-02
5.389985378780195457e-01
3.845205989702000782e-01
6.042648056995960637e-01
-5.730613463167841815e+00
-2.547245644915503249e+01
-3.299545355486552012e+01
-3.469110993498612316e+01
-2.575850210741801050e+01
-9.730314798031963974e+00
-1.627961449992233511e+01
-2.055224481290903782e+01
-3.155013189189192957e+01
3.729362312303702254e+01
3.400634807028593087e+01
-2.890998628891530586e+00
-4.056803189992405123e+01
-1.258586326662870647e+01
-1.269823730490402980e+00
4.107436239409185674e-01
1.227079482852012760e+01
6.325239824508040343e+00
9.605968912565932882e+00
-2.045841900176067263e+00
5.158103265741249110e+00
1.166841831465200929e+00
7.506584562799333282e-01
7.155809142454728766e-01
3.782277225382497665e-01
3.375994978789936818e-01
2.439810492251217600e-01
9.224850393682582084e-02
-8.810445005618497305e+00
-1.781933451325275186e+01
-3.378533905418571237e+01
-1.925727595666664271e+01
-1.037829588833131034e+01
8.618918530356156182e+00
7.746941033157461298e+00
8.772485960779281555e-01
1.823694918980883983e+00
1.901672216628108103e+01
1.479863450784309187e+01
1.040616142340267025e+01
6.133713946322760791e-01
1.378359557269536850e+01
1.060554611508565870e+01
9.572733838631506842e+00
9.327564004727053160e+00
1.211337497086396731e+01
1.200663226389885985e+01
1.452888485939527463e+01
2.594042384887987396e+01
6.191425355068563618e+00
2.251075332454788303e-02
5.819360444597090343e-01
7.155102062025594511e-01
1.865247118797752623e-02
4.620775046497046512e-01
7.134616679361420744e-01
3.282907142266333622e-01
-6.505355592450001723e-01
4.687832492560595199e-02
6.005654005762950831e+00
1.566397975022201905e+01
4.343355172688345078e+01
2.977907763661974982e+01
9.673418333124073953e+00
2.144330158289569077e+00
1.720033980759640713e+01
1.832284715032817957e+01
1.881315693498811115e+00
1.410703566781936402e+01
1.599462293481056285e+01
1.970405015698680273e+01
3.028622784326585560e+01
1.590667967741585365e+01
2.573731269495971219e+01
1.681063094978067340e+01
2.449460574214592157e+01
2.580277042278339650e+01
2.508361459814635452e+01
5.506473573143897404e-01
2.665493765345277044e-01
2.384570225449933467e-02
8.894081224624016402e-01
4.609429474364292734e-01
5.636275282888264515e-01
1.283736896105775749e+01
6.029512230277337181e+00
-5.152745667050448120e+00
1.268168802126039552e+01
1.987082856390518515e+01
4.132833938669279661e+01
1.710390871244151612e+01
-1.811884658121671521e+01
-2.652563311436381355e+01
-2.442772253690317541e+01
-8.002147795677617026e+00
-2.866600936024134327e+01
-8.062450522019787513e+00
-2.348062889651094665e+00
4.061325519429465736e+00
1.465287765529122410e+01
4.159166573339242667e+00
8.479039012764669536e+00
1.271243407643706824e+01
1.357485012440517380e+01
1.360341924963096361e+01
1.388583471274037251e+01
1.079096563305002032e-01
1.151956612882137909e-01
2.912261232656236931e-01
8.922227136632353561e-01
5.093717458634923201e-01
5.551743107848183811e-02
5.882347655281937371e+00
5.227447874216378132e+00
2.318087942950818103e+00
2.470288541777942548e+00
1.095133499358314211e+01
7.880622108067649734e+00
-1.317649711688843084e+01
-2.723974846259322646e+01
-3.666554313471360160e+01
-2.416293844192130535e+01
-1.512799318466707454e+00
-9.828736073433463005e+00
-2.983368628158574953e+00
4.248561122803943491e+00
-6.124046835634907815e+00
7.724666016565384652e-01
1.539424999516349590e+00
4.062121549530459674e-01
1.021718240253607357e-01
7.303395687841361950e-01
9.855520848463972250e-03
7.637929473564886163e-01
7.617872295760775847e-01
5.055846443300360260e-01
4.490397722713549422e-01
2.021646117528581588e-01
1.821610852908226441e-01
1.079968497880215983e-01
1.266702622270091672e-01
1.537706799228971688e-01
6.071397097285571309e-01
-6.586643099284114733e+00
-1.175848690252050766e+01
-6.889967007023672707e+00
-4.881578710645561259e+00
6.503334708065189318e+00
1.964165862853155531e+01
3.815709760975337872e+01
3.876159076997187469e+01
1.959179923370103893e+01
3.356577765902802213e+00
1.242590053675351847e+01
2.734215485400428136e+00
1.011113092893852716e+01
1.686461422525309839e+00
2.274299918666493614e-01
8.636527520909123012e-01
4.819097961482091685e-01
2.111783435206350257e-01
5.444062839438503776e-01
6.366602767651823314e-01
5.461381452462773511e-01
5.184712069766150844e-02
3.475070923367001852e-01
6.008022309204363864e-01
1.403650906332504222e-01
1.894901192595148665e-01
1.781459399545913813e-01
1.997098540657561427e-01
2.583893244554261726e-01
4.096596473495164314e-01
9.334673867305584016e-01
2.204098571711999854e-01
5.974951115951335767e-01
9.437378389875158646e+00
1.321884966337315781e+01
1.351108297022712890e+01
3.942623441945510177e+00
7.176709437980236528e-01
6.871035686003423848e-02
9.607984264164872723e-01
1.479493710328093625e-01
9.329273318044568608e-01
9.046811866269717228e-01
3.122204125620476889e-01
7.872668748539368710e-02
3.996171753797148618e-01
1.207395635208415863e-01
5.867558598385185231e-01
5.739800127922234374e-01
2.234981121107102453e-01
4.995294345058449714e-01
9.486015150464470747e-01
8.388281542137592250e-01
2.470851067931471023e-01
9.804830886086746133e-01
9.163990249734610405e-01
2.745437107594339565e-02
2.690685750703984969e-01
4.408216772713983156e-01
6.037673304531877561e-01
6.465247065960321171e-01
1.515478786320635374e-01
1.470884384376223153e-01
9.717213003334406185e-01
3.476287009383854931e-01
3.565939783972926769e-02
3.702601889813427194e-01
9.646586703879728164e-01
7.777949604134661854e-01
1.843172757615263446e-01
8.539641341420323162e-01
2.794047290882875068e-01
6.243564578235620832e-01
3.155336232823346965e-01
6.338326546814382345e-01
3.669989558948291153e-01
2.604282339368303445e-01
6.538864775584724010e-01
9.825827800488673436e-02
3.534612641982257664e-01
7.160298756810580256e-01
7.259179939301032558e-01
9.397491795156194261e-01
1.935816854251606323e-01
1.531713675528915131e-01
8.615344967953306732e-01
8.997607422133524491e-01
2.414313934003881057e-01
2.612734035435536617e-01
7.422999441271881382e-01
7.741122301442618925e-01
2.989639763868848776e-01
4.300760741539044751e-01
8.764236681929892248e-01
9.944369686246773421e-01
8.168339979058771849e-01
4.686361893134001200e-01
5.978509671550734650e-01
1.891442616628443707e-01
5.353975175038946377e-01
5.939791818568057602e-01
5.462623657372468466e-01
6.115564907118129501e-01
5.730132650542530959e-01
7.651901060403490940e-01
1.049980832422465760e+00
