4.758894613319382128e-01
5.221600936618125965e-01
6.370208569786546260e-01
8.975240684608571939e-01
4.132720419863721295e-01
2.377842353431491862e-01
8.562670832199792414e-02
2.242287535671332321e-01
2.976175216899822340e-01
1.894741910281260155e-01
5.423270566972762108e-01
8.804744482956393670e-01
9.930382345459676241e-01
4.764488547295484544e-01
2.440500863264439824e-01
8.620591802529758985e-01
3.296557699338683589e-01
3.701446075174805728e-01
5.384180578013660901e-01
5.857220394535836983e-01
2.846146001611372656e-01
9.683608992740359023e-01
8.048176091776536589e-01
3.348973406048795232e-01
9.114867278460735411e-01
7.196771085423219194e-01
9.539112262595438319e-01
1.798262210936475425e-01
2.653325663270835744e-01
6.029980467164675062e-01
8.857829206778898845e-01
8.436159229532086412e-01
9.379070786809069471e-01
4.383758867183027430e-01
2.569381260398706512e-02
1.430147812229609627e-03
8.489479473659284903e-01
1.966220677006161877e-01
2.803182541846940268e-01
6.968554379153596434e-01
4.118671142391329143e-01
3.626823336814203325e-01
3.420305112005374015e-01
-4.321491319138937470e+00
-1.212835041974531514e+01
-5.176718843499324763e+00
5.187735645672310048e-01
9.230385580752785701e-01
5.360931357276997877e-01
9.543656392261834487e-01
8.713711585820015371e-01
7.605713335196628844e-01
8.507156800951246600e-01
3.283405777291446004e-01
9.518171806430305582e-01
1.185241642157556230e-01
3.454315775061101990e-01
2.807919647003139785e-01
2.529126740663012463e-01
1.109280963862164793e-01
6.110015348990861517e-01
3.388204502968155118e-01
5.268970626344881003e-01
6.419318883025592060e-01
4.891449135543636251e-01
4.470715266353598727e-01
8.141184256296388755e-01
2.704079731211919135e-01
7.538177191703876456e-02
3.140971493855301278e-01
2.904943688971228788e-02
3.914528916339199416e-02
-1.518918237285789230e+00
2.581195633987866112e-01
1.001166434513991454e-01
7.713517889008572048e-01
1.599711664589712479e-01
7.037821561268314818e-01
3.873450928484818423e-01
6.318931621858786540e-01
2.287173506008485235e-01
8.474045893328743251e-01
6.019464620807710720e-01
8.160455634838099659e-01
3.116665721956791701e-01
2.530898164599055811e-01
1.647186908874834765e-01
2.078260073684879972e-01
7.446428312680473116e-01
6.540077896639973076e-01
9.349148759621188631e-01
6.448466214797861085e-01
8.878544382510124011e-01
6.914084261676102239e-01
7.955918853135572899e-01
4.446938795432594516e-01
9.566688549397522223e+00
1.400095180418436946e+01
2.825712361971297781e+01
1.917876244324570933e+01
3.150659847455890006e+00
2.895191957147743578e-01
5.284870804887042972e-02
7.774021073411553351e-01
6.274680292100521806e-01
7.214371000947414903e-01
7.850194865181647774e-01
7.218441708715589433e-01
1.236114877750162933e-01
4.356956804914405845e-01
2.493263831710066381e-01
2.771240978812299360e-01
2.067801352427459660e-01
5.006825806319491479e-01
1.142987550081607795e-01
8.332059635569477596e-01
4.630396154796062591e-01
9.472810989314744967e-01
6.673544854717371466e-01
8.884544215416787516e-01
5.241881788666937769e-01
3.276858767019221741e-01
1.608785009998594528e+00
1.294533566013903325e+01
2.028397124023033982e+01
8.367212597363781867e+00
-9.121579194014765690e+00
-2.048670760555318537e+01
-1.216220231021506226e+00
7.958818575367184067e+00
-9.126863348934111997e+00
-1.176813234269816277e+01
-1.059074092887255958e+00
1.730521751731035351e+01
1.981415768099859065e+01
9.206087093359755613e+00
3.542355312835394621e+00
6.076820898698320761e-03
2.822252959359465851e-01
5.846005467835820868e-01
4.191042717441306742e-03
7.348418727688047491e-01
2.352840250267285160e-01
3.106069654641779865e-01
6.913942227442421151e-01
1.388320735847409226e-01
9.095940876763018990e-01
1.443324494071845265e+00
2.493605663011845053e+00
7.146841665736761939e+00
7.852097013562600480e+00
1.908418343928229177e+01
1.419542015502729448e+01
-2.054098036140384664e+00
-1.091627537834507145e+01
-1.160125256870471411e+01
-2.871902641393226219e+01
-1.419928290009737992e+01
-1.560069832785789323e+01
-3.403584909213509757e+00
6.158465995502323764e+00
2.404712648884698112e+01
1.959870468879484307e+01
1.745662841477137306e+01
1.277972864247172247e+01
9.911092616091952134e-01
4.171353619958133585e-01
7.006671010225365981e-01
8.381396239380669577e-01
8.993839395318337093e-01
3.473314625320771398e-01
6.370148849442058836e-02
3.176783243710353810e-01
1.738721065137824873e-01
5.232890118463345175e+00
1.007107265907080773e+01
1.288809122575178812e+01
9.193053188638597106e+00
6.253105137965664362e+00
1.347499034292879472e+01
-9.924529437094903983e+00
5.138587403225576722e+00
-8.894185502828493739e+00
5.794003719937022012e+00
-1.813659231180632858e+01
-3.204733000827661726e+01
-7.083954921221630840e+00
1.963687930480142896e+00
3.870061469798873333e+00
1.340347337578182874e+01
1.506504951432337691e+01
-1.175134108383738329e+00
5.801398823014285000e+00
9.915184704275789018e-01
7.006260213613811905e-01
2.127414639271945074e-01
8.381641955135291644e-01
1.726914595435383726e-01
8.102344586337943966e-01
6.000622801625540292e-01
1.831354440511107073e-01
2.424075315174240242e+00
1.211782795223533071e+01
2.027132052996048017e+01
1.274905696539634015e+01
1.608521781973308862e-01
-8.076755289947534777e+00
-1.164971308973712993e+01
-1.440076635585212550e+01
-6.854621169339030651e+00
-8.984494214475811091e+00
-2.411430558215631237e+00
-8.541791391680687795e+00
-1.920202530525630635e+01
2.883214590194613791e+00
3.062381548705682022e+00
1.057392315367707170e+01
7.302733577599200387e+00
3.496425618445691441e+00
-6.349997979636540890e+00
1.347153603036220781e-01
8.593802736527034192e-01
6.434504775698749457e-01
9.351281453921241882e-01
6.050888872312697453e-01
9.554444857548106684e-01
1.096376751334543487e-01
5.393777137351296602e-02
5.432730665408557202e-01
3.794750941618080242e-01
1.364854748710291332e+01
2.256218538162106668e+01
1.240244148965192217e+01
-9.299520546189885550e+00
-1.169439769490433356e+01
-1.559645974456994466e+01
-1.085386530217336265e+01
-8.289414983660604364e+00
6.284857644430047685e+00
-7.394655458842187556e-01
-1.505019541739171451e+01
-1.280971610112876036e+01
1.007773910909421389e+01
1.737985423446578537e+01
1.553817791342956056e+01
9.670425313032103176e+00
-1.351739444051541739e+01
-1.936155102755745361e+01
-4.276822969619970216e+00
6.413416146062234091e-01
4.926284730038906767e-01
3.963051886275835711e-01
2.082291568205703047e-01
6.664477014581944303e-01
5.802648402033041553e-01
8.130809975410859813e-01
6.822138231319128110e-01
9.749503609049369190e-01
6.770709374074866282e+00
1.746568364347868396e+01
1.186022591158990380e+01
-1.363992765136762486e+00
-1.134879737971546909e+01
-2.668719662326156694e+01
-5.704235173607953513e+00
1.247574428510338063e+00
1.657168485423696680e+01
-2.081439540520483078e+00
-1.260565910038714321e+01
-1.149780663818975235e+01
1.078313170252460118e+01
1.046991646309568047e+01
1.165710614945658108e+01
-4.105991552881125273e+00
-1.681782548875332139e+01
-1.675717646055777266e+01
-5.719090986889096229e+00
1.175226614254581969e-01
9.155769144428740347e-01
3.883294435146433798e-02
1.522177758676321879e-01
8.811411367863142274e-01
1.163193257022452354e-01
5.430659843434970657e-02
5.642559338919806988e-01
9.240508640458153788e-01
2.352930796592545448e+00
2.561115508124929718e+00
-2.996943281977983986e+00
-5.878039624760218018e+00
-4.035013281428811993e+00
-1.416105219588778752e+01
-5.492110453222714739e+00
2.115842270512964518e+01
8.918475263309280976e+00
8.110778848032552446e+00
1.932217475611869517e+00
-1.511947390413597070e+01
-3.554887738404255426e+00
2.543002675261062606e+00
3.166609623972613363e+00
-1.494834137292990661e+01
-2.059558330845286633e+01
-1.692172724311788912e+01
-1.063238757226709197e+01
9.719561084665581108e-01
5.352223034701695248e-01
5.164656479654997634e-01
3.437310493145627754e-01
7.141918749426843238e-01
2.030291323925836888e-02
5.569043698556349620e-01
3.910500631220927836e-01
2.737457131688880718e-01
-1.089023538535071722e+00
-1.295061502180753799e+01
-2.201315568641661713e+01
-1.312267922042143198e+01
-7.042750252646408526e+00
-6.895698868725187225e+00
1.170847637179548428e-01
1.018883258359322319e+01
3.166725186473036757e+01
3.250518020194927971e+01
2.674917681561938565e+01
-9.311260500074045154e+00
-1.968396954840232027e+01
-1.945673758792727881e+01
-2.283433586487308276e+01
-2.477754161102090436e+01
-2.047176619323350977e+01
-1.691689578435564556e+01
-1.257571721342055859e+01
4.224259581117522089e-01
5.018156214771652968e-01
4.161534926236348797e-01
9.151352018192415727e-01
3.513047029028604218e-02
3.378191535127118561e-01
3.576513129888653220e-01
9.679299184964376135e-01
3.622892866301465897e-01
-1.124589471152336984e+01
-2.200088915238816156e+01
-1.973109915508365830e+01
-5.638898715912533888e+00
-5.423047080188982960e+00
-1.095958510213490378e+01
-3.214582925653537160e+01
-3.590200787031244012e+00
4.853397773437951912e+01
5.846129221433506729e+01
4.239694426159707774e+01
1.804404594387049698e+00
-1.094669036326876999e+01
-3.399341018454063601e+01
-3.950003186756698881e+01
-2.923196577118226003e+01
-2.585449204612170249e+01
-1.568141811077313719e+01
-1.153931176375147416e+01
3.137089473282173024e-03
1.594442688747352843e-01
3.151992390857127901e-02
8.373914881629112017e-01
4.792070892416989691e-01
8.867468420464387213e-01
6.748749006843454135e-01
2.103904157210109149e-01
1.379213259614070486e-01
-2.632043640192996747e+01
-2.657925635605869985e+01
-1.425629332153938122e+01
-4.601744862883270670e+00
-8.029027045585408473e+00
-5.269078708938523192e+01
-4.558239280246156966e+01
1.200236893665997506e+01
7.678770127059853223e+01
7.357005417768378663e+01
4.020679172475917795e+01
1.271442464518656834e+00
-8.602020231671797745e+00
-3.325531143797169875e+01
-2.726089545267974756e+01
-2.842946097531412164e+01
-3.241263444685458950e+01
-1.920244639813628496e+01
-6.274307611708798582e+00
2.434923193968643318e-01
6.772709223885092777e-01
6.526109680504061927e-01
2.745828760401286539e-01
1.370396872848322900e-01
7.779435004598467263e-02
4.827995068708020865e-01
1.371438041310247824e-01
-3.575730719547572267e+00
-3.315365404988302345e+01
-3.781843219419322111e+01
-2.671267969154278177e+01
-3.147946933888540855e+00
-3.745439026187421661e+01
-5.851841999971507136e+01
-1.685694029069100353e+01
3.350987449123271489e+01
8.582405297501708219e+01
7.845510460754725557e+01
3.736211214973052819e+01
-1.240199318773193760e+01
-2.861852951359595565e+01
-4.182513492435580815e+01
-1.486775943031374858e+01
-2.650496826838647735e+01
-3.389705966136119741e+01
-2.430822692905622517e+01
-9.546079104117154657e+00
4.563786374710414595e-01
9.923160102745273159e-01
7.696528466644543265e-01
5.934039482124808806e-01
2.380408209267314001e-01
5.071032134733252095e-01
6.039798554507015416e-01
1.522513855996571186e-01
-1.429546658474873766e+01
-3.732646000018675636e+01
-3.731939404080018363e+01
-1.663562947738120101e+01
-1.832183824697413854e+01
-5.741129792530502129e+01
-3.431848927261149385e+01
1.285462295219851470e+01
5.305137353456771621e+01
8.763184652986072365e+01
7.082660351645483843e+01
2.454145652957889467e+01
-3.248446353500892769e+01
-3.871426801882855528e+01
-4.847666906725444846e+01
-1.240154591132411355e+01
-2.408339982626038989e+01
-2.762004348568589052e+01
-2.450152368805435188e+01
-1.159690903691441477e+01
-1.851200368320189193e+00
4.128510429201257548e-01
6.819647126649533986e-01
7.975117305783148147e-01
7.006451278886373091e-01
1.713494431338309365e-01
9.817937327834292960e-01
3.080394997245822220e-01
-1.809801157915489611e+01
-3.769740923869429849e+01
-3.916318834858930842e+01
-3.354623766696317944e+01
-5.148536477215365892e+01
-6.478772906198796022e+01
-1.168705205382906875e+01
1.859525504829814935e+01
6.668825829814296924e+01
6.484199157596451357e+01
4.800780756666504345e+01
3.901826109980062185e+00
-4.249634743421471939e+01
-4.217007403831588164e+01
-3.112789575194325664e+01
-1.506222520259044373e+01
-2.169428217456935570e+01
-1.728543704217344867e+01
-2.159580919826314727e+01
-1.225599928530061966e+01
-7.341941373310293173e+00
2.394057520073904488e-01
1.381999878393218584e-01
8.377968759747925764e-01
9.288666157388034694e-01
8.761742854258642854e-01
4.833868195299878545e-01
5.720223333061035254e-01
-1.829487024923097138e+01
-3.034259329930034355e+01
-3.343461918615426498e+01
-2.941617897356790934e+01
-4.550099822078318113e+01
-4.921374485448961167e+01
-1.208198744242559464e+01
1.745603866222148071e+01
2.759149900205746775e+01
3.049368775541801924e+01
2.312988889161763240e+01
-9.245405839186689789e+00
-5.811093703144690181e+01
-4.633546791137781184e+01
-1.569747524839491604e+01
-2.203731399894629917e+01
-1.845123082438326279e+01
-1.228808331634006912e+01
-1.259333417399600741e+01
-1.160973622620381285e+01
-1.210276450356784927e+01
5.414139422236056154e-01
3.330174840146551407e-01
4.319396684613188153e-01
7.328473689722203588e-01
5.416516849105564857e-01
4.260841636507411989e-01
5.475452284262639635e-01
-1.772671123221325473e+01
-2.504643082021470590e+01
-3.044339515001972529e+01
-4.028045276701145383e+01
-3.799298561079492487e+01
-4.013749437905730844e+01
-1.203429722792834866e+01
1.344791996549949253e+01
2.707241441977542351e+01
1.820494196090936256e+01
9.801949684454989153e+00
-2.235131884397915414e+01
-5.510333492555063373e+01
-3.085236958122186834e+01
-1.416284147992284304e+01
-1.223646463849190624e+01
-1.173683296667033993e+01
-6.502402044509601353e+00
-1.208307621211351623e+01
-1.235464073269644736e+01
-1.109797891012998328e+01
1.130867692974090177e-01
1.693707596226462497e-01
8.796922031620731941e-01
4.866509349332971412e-01
1.906220779199021553e-01
9.088239884567774762e-01
4.219134255662098099e-01
-1.803193893236911549e+01
-2.146702675076598865e+01
-2.086649085645054313e+01
-2.320037306901897622e+01
-1.725008289845740350e+01
-1.453591999020127723e+01
-1.694039477366995072e+01
-2.545691018500260938e+01
1.761814949377697204e+01
2.579634021710114666e+01
1.292038160341818376e+01
-2.430163020804497975e+00
-1.229001431503457908e+01
-2.301479817516380422e+00
4.019786144317318843e+00
1.024117848450011081e+01
1.491661451904118252e+01
6.984068379064831689e+00
-3.484248798877883857e+00
-6.047612764944348740e+00
-1.643459377044069303e+00
6.003389725757538598e-01
3.402992931316608516e-01
6.790789855013118492e-01
8.914332961988244985e-01
7.428370625949912709e-01
9.451160208698358156e-01
9.517543054812829251e-01
-8.714681888322623138e+00
-1.287921675877084127e+01
-1.335007362486935278e+01
6.241504134859100716e+00
8.590897168642822379e+00
7.535314169020925767e-01
-1.572372676524481960e+01
-1.385863127616691770e+01
-1.097930430406654168e+00
1.643547384058112826e+01
3.148329368987582200e+01
1.583458977506013099e+01
1.865973860160245579e+01
1.975814309491877196e+01
1.070877953429728890e+01
1.114975702772134092e+01
1.260234342970947452e+01
2.484836809789641165e-01
1.250529383762906122e-01
9.347407025629276944e+00
3.804931111275088540e+00
4.285596897618139112e-01
8.770024561346569936e-01
1.671049156570993954e-01
3.493664501314694970e-01
9.575221071203739998e-01
2.896700634594580048e-01
5.920560554828767863e+00
1.630161243144736005e+01
2.919114516770564549e+00
4.302491368343908107e-02
1.254049566126563953e+01
2.192691503769117034e+01
2.157347958886498418e+01
1.009947374412097965e+01
-1.378521034375250487e+01
-1.763795700200829231e+01
-6.270065351679884103e+00
6.782735449536687611e+00
1.495608659592301137e+01
2.455807654436667775e+01
3.054650339292540551e+01
3.016014423319017013e+01
2.544066149283734291e+01
1.561157376477068048e+01
3.002802897965256790e+00
5.326434069377113723e+00
1.248355993045158208e+01
1.274506552142956828e+01
7.203174096447418906e-01
5.867055659085687047e-01
9.871360603240407761e-01
9.374818448139043969e-01
5.605947124755006339e-01
8.626748238056802798e-01
1.313321462756894675e+01
2.326518935033848834e+01
1.676980326188719772e+01
6.949249233105120993e+00
4.015830164421773318e+00
9.733888694375572470e+00
1.483525219275790796e+01
-6.602291858432719707e+00
-2.136216059487025376e+01
-3.277746529641894568e+01
-2.397377441965885581e+01
-2.021985014125790769e+01
4.705843245178050083e+00
3.097581310925354359e+01
2.578183155843291274e+01
2.411208533528039766e+01
1.573204635449015143e+01
5.944910399965568359e-01
-2.414967128960281428e-01
6.746449192503455095e+00
6.803949682616616812e+00
6.510998098174828108e+00
2.277265658223768252e-01
3.031477540894705891e-01
5.467377215728504991e-01
5.279758372310983106e-02
4.079808501841422075e-01
6.085134858489816834e-01
5.369145419594342883e+00
1.015086268584335016e+01
2.237876673041683873e+01
2.134022895584438473e+01
5.141898448010950418e+00
-2.065491726512651027e+01
-1.799064681744950889e+01
-1.918327661294917164e+01
-4.369854555135280094e+01
-4.055804677807568481e+01
-2.196118949393376951e+01
2.461095668703724204e+00
1.456820184075152191e+01
1.751923455711487065e+01
1.242728750640051061e+01
1.851967135911279883e+01
1.009853104357627451e+01
6.201754386729545487e-01
9.611208622323744732e-01
8.498200804197150182e-01
7.394205587461647466e-01
5.812557907005794222e-01
6.646900197423089018e-03
3.544780041129172998e-01
2.317745930823240652e-01
6.028321897030424203e-01
5.766680186998165425e-01
8.683750455989854844e-01
6.070899939551721580e-01
5.817973320922013025e-01
3.854420475835436122e-01
6.949578230558981495e-01
-9.223930236366228996e-02
7.170688260097923816e+00
6.262569235633066889e+00
1.266475434699261271e-01
7.441794812189301833e-01
4.838819233649482854e-03
1.150238261159068642e+01
1.351509815576937612e+01
5.780707828793949510e+00
1.208947356564746478e+01
2.760931969911241346e+00
9.841300309291645121e+00
1.871469270975523624e+00
2.017580629679907034e-01
5.140757733242117267e-01
3.781205845251720543e-01
6.076520021528230009e-01
2.400038720929951186e-01
1.701435747918521590e-01
6.834143247717139324e-02
1.018297659720313053e-02
7.986149941932547680e-01
1.546545558357961259e-01
9.774747438552930934e-01
4.074697428681772760e-02
5.408993269741736443e-01
7.565081157067536921e-01
6.803862360305579227e-01
7.830018652060832807e-02
6.229827305064644660e-01
9.538853502767640213e-01
8.651175352476004887e-01
3.396382145886012172e-02
4.501643456044518432e-01
8.644363029409438681e+00
1.302024616170390736e+01
2.730839999416597497e+00
2.394874707356793309e-01
4.763201760052503397e-01
1.082950363883170564e-01
4.125644504338487062e-01
8.727237507035910946e-01
7.514472675981532790e-01
9.011013679981954017e-01
8.689959455781806064e-01
9.553004768642799904e-01
8.502635276488630378e-01
9.935450965088077346e-03
6.543493665558929306e-01
7.028594137886381432e-01
5.473403966828660483e-02
6.978717206981209786e-01
9.418085233693437308e-01
3.761820101211187373e-01
9.890296198508781167e-01
4.571639999398098286e-01
9.306475463487473565e-02
6.102787856643373532e-01
9.907794133278101656e-01
7.582617982139261414e-02
7.004989364295524101e-01
9.430807511318282099e-01
1.543256175902364413e-01
7.481673048944825766e-01
1.761015511056673866e-03
5.787542006730452826e-01
9.679596878217733291e-01
9.026851065282691655e-01
4.734263075443861934e-01
9.247526082312951257e-01
6.723229968084498687e-03
3.362935045615058627e-01
8.895621795212464988e-01
3.799556827174902507e-01
9.968355652435619829e-01
9.955565430921767822e-01
9.627431973778944885e-01
8.814773739073662462e-01
1.764828375635686397e-01
8.985392504908984446e-01
7.111364588246315011e-01
1.328724479857027463e-01
5.663588407897393040e-01
3.807851547964538064e-01
1.675260395385870238e-01
1.919641779621827915e-01
1.474700180420271955e-01
8.021019730269028924e-01
5.439956059220951712e-01
5.982673915506030449e-01
1.750382807970062293e-01
8.087177481797052092e-01
2.610776127338829689e-01
7.185747503399769753e-01
4.902835851683482460e-01
9.989258788805344125e-01
9.768957603935095602e-01
8.959678610003291022e-01
5.151657810657379599e-01
9.119224857884119517e-01
2.298807822366544240e-02
3.481785514260868908e-01
5.838624900213595925e-01
2.375495339211678436e-01
1.019071107824424782e+00
